k = 3:

[0, 10, 34, 40, 41, 55, 56, 58, 61, 69, 72, 73, 77, 79, 80, 81, 82, 83, 84, 86, 87, 88, 89, 92, 94, 95, 96, 97, 99, 102, 103, 106, 110, 113, 118, 121, 122, 128, 132, 134, 139]


[1, 6, 11, 12, 20, 21, 23, 30, 33, 51, 57, 62, 63, 71, 75, 104, 109, 115, 119, 129, 133, 140]


[2, 3, 4, 5, 7, 8, 9, 13, 14, 15, 16, 17, 18, 19, 22, 24, 25, 26, 27, 28, 29, 31, 32, 35, 36, 37, 38, 39, 42, 43, 44, 45, 46, 47, 48, 49, 50, 52, 53, 54, 59, 60, 64, 65, 66, 67, 68, 70, 74, 76, 78, 85, 90, 91, 93, 98, 100, 101, 105, 107, 108, 111, 112, 114, 116, 117, 120, 123, 124, 125, 126, 127, 130, 131, 135, 136, 137, 138, 141, 142]





k = 4:

[0, 10, 34, 40, 41, 55, 56, 58, 61, 69, 72, 73, 77, 79, 80, 81, 82, 83, 84, 86, 87, 88, 89, 92, 94, 95, 96, 97, 99, 102, 103, 106, 110, 113, 118, 121, 122, 128, 132, 134, 139]


[1, 6, 11, 12, 20, 21, 23, 30, 33, 51, 57, 62, 63, 71, 75, 104, 109, 115, 119, 129, 133, 140]


[2, 4, 5, 7, 9, 15, 16, 17, 18, 19, 24, 25, 26, 27, 28, 29, 31, 32, 35, 37, 39, 42, 45, 47, 48, 49, 50, 52, 53, 54, 59, 60, 64, 65, 66, 67, 68, 70, 74, 76, 78, 85, 90, 100, 101, 107, 108, 111, 112, 116, 117, 120, 123, 126, 127, 130, 131, 135, 137, 138, 142]


[3, 8, 13, 14, 22, 36, 38, 43, 44, 46, 91, 93, 98, 105, 114, 124, 125, 136, 141]





k = 5:

[0, 10, 34, 40, 41, 55, 56, 58, 61, 69, 72, 73, 77, 79, 80, 81, 82, 83, 84, 86, 87, 88, 89, 92, 94, 95, 96, 97, 99, 102, 103, 106, 110, 113, 118, 121, 122, 128, 132, 134, 139]


[1, 6, 11, 12, 20, 21, 23, 30, 33, 51, 57, 62, 63, 71, 75, 104, 109, 115, 119, 129, 133, 140]


[3, 8, 13, 14, 22, 36, 38, 43, 44, 46, 91, 93, 98, 105, 114, 124, 125, 136, 141]


[2, 5, 7, 9, 15, 16, 18, 19, 24, 25, 26, 27, 28, 29, 31, 32, 35, 37, 39, 45, 48, 49, 52, 53, 59, 60, 64, 65, 66, 67, 68, 70, 74, 76, 78, 85, 90, 100, 101, 107, 108, 112, 116, 117, 120, 123, 126, 127, 130, 135, 137, 138, 142]


[4, 17, 42, 47, 50, 54, 111, 131]




k = 6:

[0, 10, 34, 40, 41, 55, 56, 58, 61, 69, 72, 73, 77, 79, 80, 81, 82, 83, 84, 86, 87, 88, 89, 92, 94, 95, 96, 97, 99, 102, 103, 106, 110, 113, 118, 121, 122, 128, 132, 134, 139]


[1, 6, 11, 12, 20, 21, 23, 30, 33, 51, 57, 62, 63, 71, 75, 104, 109, 115, 119, 129, 133, 140]


[3, 8, 13, 14, 22, 36, 38, 43, 44, 46, 91, 93, 98, 105, 114, 124, 125, 136, 141]


[4, 17, 42, 47, 50, 54, 111, 131]


[2, 18, 26, 27, 31, 48, 49, 52, 59, 60, 64, 65, 66, 67, 68, 76, 85, 90, 101, 108, 116, 117, 126, 127, 137]


[5, 7, 9, 15, 16, 19, 24, 25, 28, 29, 32, 35, 37, 39, 45, 53, 70, 74, 78, 100, 107, 112, 120, 123, 130, 135, 138, 142]