RESULTS FROM STEP 1 (k = 3):

[6, 7, 10, 11, 24, 27, 31, 32, 33, 38, 39, 46, 47, 56, 60, 64, 67, 69, 70, 71, 79, 81, 83, 85, 89, 101, 102, 108, 114, 115, 121, 124, 126, 128, 129, 131, 134, 136, 138, 139, 140, 142]


[8, 9, 13, 16, 17, 18, 20, 21, 22, 25, 34, 41, 49, 53, 54, 57, 58, 59, 88, 92, 93, 94, 96, 99, 100, 103, 104, 105, 106, 107, 109, 110, 111, 112, 113, 116, 117, 118, 119, 120, 122, 123, 125, 127, 130, 132, 133, 135, 137, 141]


[0, 1, 2, 3, 4, 5, 12, 14, 15, 19, 23, 26, 28, 29, 30, 35, 36, 37, 40, 42, 43, 44, 45, 48, 50, 51, 52, 55, 61, 62, 63, 65, 66, 68, 72, 73, 74, 75, 76, 77, 78, 80, 82, 84, 86, 87, 90, 91, 95, 97, 98]


Silhouette coefficient = -0.07118648464542321

----------------------------------------------------------------------------------------------------------------------------------

RESULTS FROM STEP 3

k = 4:

[7, 11, 32, 38, 39, 56, 60, 64, 69, 81, 85, 101, 102, 108, 114, 115, 121, 124, 126, 128, 129, 131, 134, 136, 138, 139, 140, 142]


[20, 57, 59, 100, 103, 104, 105, 106, 107, 109, 110, 111, 112, 113, 116, 117, 118, 119, 120, 122, 123, 125, 127, 130, 132, 133, 135, 137, 141]


[6, 8, 9, 10, 13, 16, 17, 18, 21, 22, 24, 25, 27, 31, 33, 34, 41, 46, 47, 49, 53, 54, 58, 62, 67, 70, 71, 79, 80, 83, 88, 89, 92, 93, 94, 96, 98, 99]


[0, 1, 2, 3, 4, 5, 12, 14, 15, 19, 23, 26, 28, 29, 30, 35, 36, 37, 40, 42, 43, 44, 45, 48, 50, 51, 52, 55, 61, 63, 65, 66, 68, 72, 73, 74, 75, 76, 77, 78, 82, 84, 86, 87, 90, 91, 95, 97]

Silhouette coefficient = -0.07118648464542321



k = 5:

[6, 8, 9, 10, 13, 16, 17, 18, 21, 22, 25, 27, 31, 33, 34, 41, 46, 47, 53, 54, 58, 62, 67, 71, 80, 89, 92, 93, 94, 96, 98, 99]


[0, 1, 2, 3, 4, 5, 12, 14, 15, 19, 23, 26, 28, 29, 30, 35, 36, 37, 40, 42, 43, 44, 45, 48, 50, 51, 52, 55, 61, 63, 65, 66, 68, 72, 73, 74, 75, 76, 77, 78, 82, 84, 86, 87, 90, 91, 95, 97]


[57, 83, 105, 106, 108, 109, 111, 112, 113, 114, 118, 122, 123, 127, 128, 131, 134, 135, 137]


[20, 49, 59, 88, 100, 103, 104, 107, 110, 116, 117, 119, 120, 125, 130, 132, 133, 141]


[7, 11, 24, 32, 38, 39, 56, 60, 64, 69, 70, 79, 81, 85, 101, 102, 115, 121, 124, 126, 129, 136, 138, 139, 140, 142]

Silhouette coefficient = -0.07118648464542321






k = 6

[0, 1, 2, 3, 4, 5, 12, 14, 15, 19, 23, 26, 28, 29, 30, 35, 36, 37, 40, 42, 43, 45, 48, 50, 51, 52, 55, 61, 63, 65, 66, 68, 72, 73, 74, 75, 76, 77, 78, 82, 84, 86, 87, 90, 91, 95, 97]


[9, 13, 16, 18, 21, 22, 25, 31, 34, 41, 44, 49, 53, 54, 58, 62, 80, 93, 94, 96, 98, 99]


[20, 59, 88, 100, 103, 104, 107, 110, 116, 117, 119, 120, 125, 130, 132, 133, 141]


[101, 102, 108, 115, 121, 124, 126, 129, 134, 136, 138, 139, 140, 142]


[8, 57, 83, 105, 106, 109, 111, 112, 113, 114, 118, 122, 123, 127, 128, 131, 135, 137]


[6, 7, 10, 11, 17, 24, 27, 32, 33, 38, 39, 46, 47, 56, 60, 64, 67, 69, 70, 71, 79, 81, 85, 89, 92]

Silhouette coefficient = -0.07118648464542321

